0,0.37237,-M---1,0.33908,-S---2,0.34163,-K---3,0.35827,-M---4,0.3443,-R---5,0.33133,-G---6,0.34173,-R---7,0.33621,-I---8,0.32383,-L---9,0.33627,-I---10,0.34398,-P---11,0.32786,-L---12,0.34503,-P---13,0.34474,-N---14,0.34107,-T---15,0.33226,-G---16,0.33323,-A---17,0.3744,-M---18,0.37807,-G---19,0.42425,-R---20,0.56684,#NAME?21,0.60743,#NAME?22,0.69518,MNFFF23,0.72176,MNRRR24,0.70718,VFIII25,0.81297,YYYYY26,0.73079,RMKKK27,0.77315,RRRRR28,0.71013,MSKKK29,0.66274,HLVVV30,0.63044,RFVLL31,0.65935,LLIII32,0.63654,ALLLL33,0.61204,NATTT34,0.62101,ALLLL35,0.50795,V-VVV36,0.44484,I-VVV37,0.51212,AGIAA38,0.37088,C----39,0.39651,C----40,0.57569,LIIAA41,0.66236,FFCCC42,0.68496,GGGGG43,0.69829,FLFFF44,0.61843,ILAVV45,0.66012,VQVLL46,0.68952,IYWWW47,0.64718,FNNSS48,0.63284,LNSSS49,0.57493,#NAME?50,0.54579,#NAME?51,0.59461,KYPRR52,0.54792,ALKQQ53,0.54227,PD---54,0.57759,GSKRR55,0.5815,ERAKK56,0.6447,DDSNS57,0.59856,QNTED58,0.6086,RVVAA59,0.63402,LLFLL60,0.51307,RG---61,0.53191,DD---62,0.46042,GA---63,0.46833,VV---64,0.38328,-T---65,0.37146,-N---66,0.36009,-D---67,0.34093,-S---68,0.34295,-D---69,0.33947,-D---70,0.32882,-A---71,0.33691,-I---72,0.3298,-L---73,0.36055,-A---74,0.38078,-M---75,0.38266,#NAME?76,0.50193,#NAME?77,0.365,-A---78,0.37022,-T---79,0.35694,-L---80,0.35202,-H---81,0.34123,-K---82,0.38719,-Y---83,0.38987,-L---84,0.42085,-T---85,0.62967,PPKPP86,0.5662,VHELL87,0.59791,LSVLL88,0.62611,SREDD89,0.62198,QNTAA90,0.64428,NHVEE91,0.66733,PSKPP92,0.64629,VARAV93,0.70117,WSSRR94,0.67271,SGSGG95,0.65497,VAVAA96,0.66869,NGGGG97,0.56099,DASG-98,0.55443,WL-R-99,0.57753,NN-G-100,0.56927,GG-G-101,0.50723,LA-D-102,0.59281,NAQHH103,0.53497,KLIPL104,0.48894,ELQSA105,0.51636,VLAVV106,0.38597,V-TAS107,0.39537,D-IVV108,0.3815,L-PGG109,0.36316,L-VII110,0.38069,K-TRR111,0.4092,N-RRR112,0.41014,E-KVV113,0.38609,S-P--114,0.45505,N-ISS115,0.62568,RNNNN116,0.53037,LAEVE117,0.61796,SSS--118,0.60686,ISI--119,0.61955,NPP--120,0.62234,EGESS121,0.65664,KAKAA122,0.64277,PAQAA123,0.5873,DTQSP124,0.59264,LAQLL125,0.54739,SS---126,0.50295,GT---127,0.52225,WI---128,0.49738,NS---129,0.53464,FF---130,0.52071,KD---131,0.52398,TV---132,0.61251,KYQVV133,0.63607,EHQPP134,0.63408,DPPAA135,0.65237,MPVVV136,0.61446,SNAPP137,0.56434,LIKQR138,0.56215,#NAME?139,0.60998,#NAME?140,0.5723,KIAAV141,0.61054,GKDDD142,0.63037,SRNNN143,0.58554,EQTLL144,0.59144,#NAME?145,0.55275,#NAME?146,0.5553,#NAME?147,0.62663,IYYYY148,0.47177,V-RRR149,0.43833,E-GSS150,0.42533,S-ILL151,0.45032,V-VVV152,0.46062,S-FYY153,0.51088,F-QQQ154,0.53563,L-LLL155,0.73658,NNNNN156,0.67593,EDFFF157,0.70988,NMDDD158,0.75408,FQQQQ159,0.70201,DMNTM160,0.65286,IVLLL161,0.65636,LLKRR162,0.74948,NNNNN163,0.64341,AEEVV164,0.63448,ADEDG165,0.67187,KVKKN166,0.6289,FFFAD167,0.63743,GGRGG168,0.59829,DPATT169,0.39168,--V--170,0.62015,LLRWW171,0.61335,SQQAS172,0.58662,TNKPP173,0.61719,VDDRG174,0.6171,KSDEE175,0.62782,TVLLL176,0.68505,IIVVV177,0.69732,LIILL178,0.7714,VVVVV179,0.75829,IVVVV180,0.83108,QQQQQ181,0.81137,VVVVV182,0.85079,HHHHH183,0.74826,DTNNN184,0.81828,RRRRR185,0.7742,PIPPP186,0.71371,VTEEE187,0.82171,YYYYY188,0.76508,LLLLL189,0.76262,QRRRR190,0.72294,YHLLL191,0.7512,LLLLL192,0.6944,IIVLI193,0.6845,EVDDD194,0.76982,SSSSS195,0.71497,MLLLL196,0.713,RARRR197,0.71616,NQKKK198,0.68369,TASAA199,0.69829,KRKQQ200,0.69347,GDGGG201,0.74108,IIIII202,0.66438,ESEDQ203,0.66141,DKNNE204,0.67282,TVIVV205,0.7304,LLLLL206,0.70615,LLLVV207,0.74548,VVIII208,0.83099,FFFFF209,0.81161,SSSSS210,0.85438,HHHHH211,0.82199,DDDDD212,0.73085,IYFFF213,0.75011,NYWWW214,0.68163,VDSSS215,0.6307,GDPTA216,0.68161,IDEEE217,0.74538,IIIII218,0.76976,NNNNN219,0.67277,EDQQS220,0.67991,MLILL221,0.68969,IVVII222,0.63598,RQAAS223,0.64261,NQSGR224,0.7096,IIVVV225,0.69606,TDDND226,0.78297,FFFFF227,0.7622,ACCCC228,0.68984,RKLPP229,0.78559,VVVVV230,0.73798,YMLLL231,0.82066,QQQQQ232,0.77401,IIIVV233,0.83409,FFFFF234,0.81236,YYFFF235,0.82465,PPPPP236,0.81045,YYFFF237,0.77836,NSSSS238,0.74858,LIIII239,0.82866,QQQQQ240,0.73522,LTLLL241,0.76387,FHYYY242,0.81834,PPPPP243,0.75592,TNQNN244,0.76477,VEEEE245,0.78239,FYFFF246,0.80285,PPPPP247,0.7808,GGGGG248,0.70167,QVNSS249,0.76698,SDDDD250,0.81978,PPPPP251,0.74856,SNRRR252,0.8306,DDDDD253,0.85297,CCCCC254,0.81589,PPPPP255,0.77468,ERRRR256,0.73759,KNDDD257,0.70194,MIILL258,0.7226,KKPPK259,0.72196,RKKKK260,0.6633,DEKNN261,0.65304,KQEAA262,0.72961,AAAAA263,0.6935,QLLLL264,0.662,EITKK265,0.71723,TTLLL266,0.73931,NNGGG267,0.8205,CCCCC268,0.7267,SNIII269,0.82111,NNNNN270,0.79012,WAAAA271,0.75537,SMEEE272,0.78647,SYYYY273,0.81342,PPPPP274,0.80629,DDDDD275,0.71385,KLSSS276,0.80575,YYFFF277,0.79837,GGGGG278,0.80757,NHHHH279,0.84734,YYYYY280,0.82895,RRRRR281,0.77142,VEEEE282,0.79361,AAAAA283,0.78553,QKKKK284,0.75847,LFFFF285,0.76957,TTSSS286,0.84323,QQQQQ287,0.79292,ITTTT288,0.85135,KKKKK289,0.88861,HHHHH290,0.89315,HHHHH291,0.91445,WWWWW292,0.84347,WIWWW293,0.88847,WWWWW294,0.8327,KKKKK295,0.73045,MALLL296,0.81429,NNHHH297,0.77056,FRFFF298,0.76963,VVVVV299,0.77804,FFWWW300,0.69239,DNDEE301,0.65913,GERRR302,0.58721,ILVVV303,0.56807,VERKK304,0.59305,EVVIV305,0.41903,K----306,0.6162,YTLLL307,0.61346,SRKRQ308,0.6673,MYDDD309,0.71592,KHHYY310,0.65731,DTKAT311,0.72025,PGGGG312,0.73176,WLLLL313,0.71214,VVVII314,0.75608,LLLLL315,0.74233,LFLFF316,0.74118,LLILL317,0.8174,EEEEE318,0.82309,EEEEE319,0.82456,DDDDD320,0.86024,HHHHH321,0.82278,MYYYY322,0.74825,LVLLL323,0.79779,AAAAA324,0.76491,PEPPP325,0.80293,DDDDD326,0.76059,AFFFF327,0.73911,LLYYY328,0.77893,HYHHH329,0.68424,VLLVV330,0.70765,LLLFF331,0.67187,DAKKK332,0.65209,IMLKK333,0.73372,IMMMM334,0.66411,VQAWW335,0.68569,SQSKK336,0.66473,NRLLL337,0.65717,RTKKK338,0.69755,PKKQQ339,0.66881,KDEQQ340,0.65035,YLQEE341,0.80856,CCCCC342,0.74561,EPPPP343,0.67102,NQDEG344,0.82086,CCCCC345,0.71568,ENDDD346,0.725,IVIVV347,0.73221,ILLLL348,0.77835,SSSSS349,0.76944,LLLLL350,0.76265,GGGGG351,0.71746,FTSTT352,0.78678,YYYYY353,0.62538,LLGST354,0.65826,KKHAT355,0.66238,STISI356,0.61365,TF-RR357,0.64316,NNGSS358,0.64954,KYYFF359,0.56755,YY---360,0.49633,GT---361,0.49847,QY---362,0.40117,-H---363,0.36927,-S---364,0.36075,-K---365,0.34544,-T---366,0.34803,-N---367,0.34431,-K---368,0.34282,-K---369,0.34147,-S---370,0.34965,-Y---371,0.33141,-A---372,0.33736,-S---373,0.33736,-S---374,0.32503,-L---375,0.3373,-I---376,0.33835,-S---377,0.33763,-T---378,0.34289,-N---379,0.33483,-S---380,0.32602,-L---381,0.32707,-L---382,0.32908,-G---383,0.34788,-Y---384,0.34853,-N---385,0.3482,-R---386,0.35417,-N---387,0.3536,-N---388,0.35227,-N---389,0.347,-R---390,0.35137,-N---391,0.34121,-S---392,0.33418,-V---393,0.34666,-Q---394,0.32509,-L---395,0.32943,-A---396,0.33226,-V---397,0.33668,-S---398,0.33883,-S---399,0.3401,-S---400,0.3505,-Y---401,0.34098,-S---402,0.34098,-S---403,0.33971,-S---404,0.33971,-S---405,0.33971,-S---406,0.33452,-A---407,0.35159,-Q---408,0.34325,-S---409,0.34916,-P---410,0.35064,-P---411,0.34785,-P---412,0.34385,-S---413,0.34285,-K---414,0.3346,-V---415,0.34786,-Y---416,0.33421,-V---417,0.33047,-G---418,0.34231,-D---419,0.34065,-T---420,0.34202,-S---421,0.3467,-D---422,0.3491,-N---423,0.35164,-Q---424,0.34551,-R---425,0.33576,-A---426,0.34079,-S---427,0.3414,-D---428,0.33888,-S---429,0.34073,-S---430,0.33914,-S---431,0.34286,-R---432,0.34072,-R---433,0.32968,-G---434,0.34565,-N---435,0.32796,-L---436,0.33617,-I---437,0.34577,-N---438,0.33967,-T---439,0.33626,-V---440,0.34104,-T---441,0.34107,-D---442,0.33843,-T---443,0.33181,-A---444,0.33804,-T---445,0.32847,-A---446,0.33626,-T---447,0.32975,-A---448,0.32997,-A---449,0.33931,-T---450,0.3376,-S---451,0.34273,-D---452,0.34425,-T---453,0.34254,-S---454,0.35113,-N---455,0.35063,-N---456,0.34366,-E---457,0.35586,-Q---458,0.345,-S---459,0.34367,-S---460,0.35708,-H---461,0.34197,-S---462,0.34331,-S---463,0.34172,-S---464,0.33883,-K---465,0.34636,-N---466,0.33201,-G---467,0.33734,-A---468,0.35435,-Q---469,0.34682,-T---470,0.3684,-W---471,0.35674,-N---472,0.35553,-Y---473,0.36032,-H---474,0.33874,-V---475,0.32897,-L---476,0.36616,-P---477,0.37415,-S---478,0.38164,-L---479,0.53337,#NAME?480,0.52627,#NAME?481,0.56787,DVKMI482,0.64447,IYAAA483,0.63211,AQNDD484,0.72642,HKKKK485,0.69754,LVVVV486,0.67931,GEEDD487,0.78023,VVVVV488,0.74677,HMKKK489,0.72969,PPATT490,0.84799,WWWWW491,0.72324,YVKKK492,0.809,SSSSS493,0.78391,SSTTT494,0.78139,KKEEE495,0.86625,HHHHH496,0.83787,NNNNN497,0.86067,MMMMM498,0.80384,GGGGG499,0.74832,MFMLL500,0.78176,AAAAA501,0.72188,LFLLL502,0.72349,QNNTT503,0.75425,KRRRR504,0.72151,NTDND505,0.73887,TTAAA506,0.80018,WWYYY507,0.74601,QSQQQ508,0.73012,KNKKK509,0.71424,IILLL510,0.64326,KRLII511,0.63318,GKREE512,0.77412,CCCCC513,0.66623,SATTT514,0.71377,ERDDD515,0.73271,MHATT516,0.8093,FFFFF517,0.84895,CCCCC518,0.79489,KTTTT519,0.85837,WYYYY520,0.8552,DDDDD521,0.8576,DDDDD522,0.88318,YYYYY523,0.88345,NNNNN524,0.90454,WWWWW525,0.85798,DDDDD526,0.89373,WWWWW527,0.80252,SSSTT528,0.78251,LLLLL529,0.80155,MQQQQ530,0.74433,QHHYY531,0.64499,IVLLL532,0.72284,SSTTT533,0.64486,AQVVL534,0.64141,KQTSA535,0.79418,CCCCC536,0.72293,LLLLL537,0.73247,PRPPP538,0.67822,QRAKK539,0.65887,RKFFI540,0.68215,FLLWW541,0.68439,RHKKK542,0.66769,VAVVV543,0.67538,IMMLL544,0.64458,FIVVV545,0.63293,TVSPP546,0.6972,KKEQQ547,0.6247,SGAIA548,0.78038,PPPPP549,0.80076,RRRRR550,0.73918,VVIII551,0.78691,IFFFF552,0.83825,HHHHH553,0.7545,IIAAA554,0.79793,GGGGG555,0.77851,DEDDD556,0.85182,CCCCC557,0.80768,GGGGG558,0.79894,VVMMM559,0.85609,HHHHH560,0.77247,THHHH561,0.73892,HKKKK562,0.70681,RNKKK563,0.57165,-KS--564,0.6019,#NAME?565,0.76606,CCCCC566,0.67308,EEMRR567,0.66633,ASPPP568,0.69924,HNSSS569,0.62506,KQGTT570,0.63832,AVQQQ571,0.59346,LIKSS572,0.62062,QSTAA573,0.66369,SKKQQ574,0.63949,TVIII575,0.71768,QQEEE576,0.67498,EHNSS577,0.64962,LVVLL578,0.64132,FLLLL579,0.6403,RRQNN580,0.48551,-I---581,0.47847,-A---582,0.61296,QRNNS583,0.65007,HNSNN584,0.64035,KSGKK585,0.70724,DHNQQ586,0.72667,LQQYY587,0.73134,LLLML588,0.79172,FFFFF589,0.79942,PPPPP590,0.67386,TRKEE591,0.70194,SSQTT592,0.71917,LLLLL593,0.60728,STLTV594,0.61563,VLIII595,0.65441,TTTSG596,0.58316,DVKEE597,0.60115,TPRKK598,0.60582,SSLFF599,0.48367,#NAME?600,0.48416,#NAME?601,0.4109,#NAME?602,0.26601,--G--603,0.33856,R-A--604,0.35274,R-K--605,0.48479,SKGAA606,0.52355,LSVII607,0.60959,KKASS608,0.66239,PLPPP609,0.66039,SRHPP610,0.69259,KKVRR611,0.68134,EGKKK612,0.80946,NNNNN613,0.78549,GGGGG614,0.80069,GGGGG615,0.88078,WWWWW616,0.81305,GGGGG617,0.84402,DDDDD618,0.81957,IMIII619,0.83327,RRRRR620,0.831,DDDDD621,0.82493,RHHHH622,0.78905,QEEEE623,0.77343,LLLLL624,0.82702,CCCCC625,0.67477,ELKKK626,0.68842,INSSS627,0.71427,NMYYY628,0.61057,KTLRR629,0.61637,SLRRR630,0.57135,PALLL631,0.54819,LTQQQ632,0.44056,VR---633,0.29597,R----634,0.25988,V----635,0.22471,S----636,0.20152,S----637,0.20683,Q----638,0.20118,S----639,0.19613,A----640,0.2015,S----641,0.19788,V----642,0.19287,L----643,0.20668,H----644,0.20014,K----645,0.19367,L----646,0.19507,L----647,0.20368,N----648,0.20072,S----649,0.20327,K----650,0.20329,I----651,0.20877,Q----652,0.2064,F----653,0.20379,S----654,0.20404,S----655,0.20308,S----656,0.20627,N----657,0.2031,K----658,0.20331,T----659,0.20201,I----660,0.20285,T----661,0.20188,S----662,0.20336,T----663,0.20336,T----664,0.20133,S----